name,gender,probability,count
sourangshu,None,0.0,0
souripriya,None,0.0,0
sousath,None,0.0,0
southnary,None,0.0,0
souyoung,None,0.0,0
sovatana,None,0.0,0
sovers,None,0.0,0
sowdagar,None,0.0,0
sozialwissenschaften,None,0.0,0
spaas,None,0.0,0
spatial,None,0.0,0
spix,male,0.92,12
spracklen,None,0.0,0
springerverlag,None,0.0,0
spyreta,None,0.0,0
sramana,None,0.0,0
srasuebkulpreeyaporn,None,0.0,0
srayan,None,0.0,0
sreedhanya,None,0.0,0
sreela,None,0.0,0
sreelata,None,0.0,0
sreenivasankarthik,None,0.0,0
sreyasi,None,0.0,0
sreymony,None,0.0,0
sridha,None,0.0,0
srikamakshi,None,0.0,0
srilan,None,0.0,0
srilata,None,0.0,0
srilena,None,0.0,0
srinagesh,None,0.0,0
srinibas,male,1.0,9
srinikethan,None,0.0,0
sriniva,None,0.0,0
srisakdi,None,0.0,0
srisupang,None,0.0,0
srivardhini,None,0.0,0
srivignessh,None,0.0,0
srivinasu,None,0.0,0
sronglong,None,0.0,0
ssuhsin,None,0.0,0
ssuhsuan,None,0.0,0
ssuwei,None,0.0,0
staa,female,0.67,94
stacieaaj,None,0.0,0
staksrud,None,0.0,0
stanisaw,male,1.0,4159
stanislovas,male,1.0,56
stathes,male,1.0,1
stavroglou,None,0.0,0
stavropoulosvasileios,None,0.0,0
stefanofrancesco,male,1.0,1
stefanoniko,None,0.0,0
steinbock,male,0.79,39
stellatos,None,0.0,0
stepahanie,female,1.0,17
stephanalexander,None,0.0,0
sterett,None,0.0,0
steytler,None,0.0,0
stierlin,None,0.0,0
stivenson,male,1.0,13
strotzka,None,0.0,0
stul,male,0.75,4
stutee,None,0.0,0
stynke,None,0.0,0
subanar,None,0.0,0
subando,None,0.0,0
subardjo,None,0.0,0
subashka,None,0.0,0
subbian,None,0.0,0
subbuodayar,None,0.0,0
subharthi,male,1.0,1
subhashree,female,0.89,18
subhonmesh,None,0.0,0
subhranil,male,1.0,2
subin,male,0.6,343
subinay,None,0.0,0
subrahmandya,None,0.0,0
subramaniyaswamy,None,0.0,0
subramoniam,None,0.0,0
subrina,female,0.92,25
subscribers,None,0.0,0
successnetwork,None,0.0,0
suchitporn,None,0.0,0
suckchul,None,0.0,0
suclla,None,0.0,0
sudanthi,None,0.0,0
sudarkodi,None,0.0,0
sudebkumar,None,0.0,0
sudhasri,None,0.0,0
sudsanguan,None,0.0,0
sudula,None,0.0,0
sueallen,None,0.0,0
suebok,None,0.0,0
suehisa,None,0.0,0
suelynn,female,1.0,2
suengjae,None,0.0,0
suetling,None,0.0,0
sugandima,None,0.0,0
sugano,male,0.89,9
suganthini,female,1.0,4
sugimiyanto,None,0.0,0
suguo,None,0.0,0
suhansanu,None,0.0,0
suharko,None,0.0,0
suharmili,None,0.0,0
suhiar,None,0.0,0
suhie,None,0.0,0
suhnbeom,None,0.0,0
suhoun,None,0.0,0
suhui,female,0.94,17
suhyuh,None,0.0,0
suichao,None,0.0,0
suihua,None,0.0,0
suihuai,None,0.0,0
suimin,None,0.0,0
suiqian,None,0.0,0
suixiang,None,0.0,0
sujetos,None,0.0,0
sujogya,None,0.0,0
sukaesinee,None,0.0,0
sukankana,None,0.0,0
sukes,None,0.0,0
sukeshini,None,0.0,0
sukhada,female,1.0,3
sukhamay,None,0.0,0
sukhanya,None,0.0,0
sukratu,None,0.0,0
sukrut,male,1.0,6
sukumarakurup,None,0.0,0
sukwoong,None,0.0,0
sulaila,None,0.0,0
sulantha,None,0.0,0
sulistyawati,female,1.0,7
sulisworo,None,0.0,0
sullivan,male,0.98,1594
sulyn,female,0.67,3
sumandro,None,0.0,0
sumardjo,None,0.0,0
sumarlam,None,0.0,0
sumiyana,None,0.0,0
sunagul,None,0.0,0
sunarru,None,0.0,0
sunarwan,None,0.0,0
sunchlar,None,0.0,0
sunchong,None,0.0,0
sundaravaradan,male,1.0,1
sundareswaran,male,1.0,2
sunderasan,None,0.0,0
suneung,None,0.0,0
sungahn,None,0.0,0
sungback,None,0.0,0
sungbom,None,0.0,0
sungbyung,None,0.0,0
sungeu,None,0.0,0
sungjong,male,1.0,20
sunglok,None,0.0,0
sungmahn,None,0.0,0
sungpack,None,0.0,0
sungran,female,1.0,5
sungryoel,None,0.0,0
sungseok,None,0.0,0
sungshun,None,0.0,0
sungsup,None,0.0,0
sungwen,None,0.0,0
sungyongjun,None,0.0,0
sungyop,None,0.0,0
sungyyong,None,0.0,0
sunhwa,female,0.92,107
sunilprakash,None,0.0,0
sunjip,None,0.0,0
sunmih,None,0.0,0
sunpong,None,0.0,0
sunwah,None,0.0,0
sunworl,None,0.0,0
sunzeng,None,0.0,0
suojun,None,0.0,0
suolin,None,0.0,0
suoping,None,0.0,0
suoqin,None,0.0,0
suozhu,None,0.0,0
supannada,None,0.0,0
suparpit,None,0.0,0
supasasi,None,0.0,0
supasate,None,0.0,0
supatida,None,0.0,0
supiyandi,None,0.0,0
supond,None,0.0,0
suppawong,None,0.0,0
supphachoke,None,0.0,0
supranamaya,None,0.0,0
suprijanto,male,1.0,2
supsakova,None,0.0,0
suptendra,None,0.0,0
supunmali,None,0.0,0
sur,male,0.51,444
surahyo,None,0.0,0
surangsri,female,1.0,1
suravet,None,0.0,0
surendheran,None,0.0,0
surendranath,male,1.0,8
surhita,None,0.0,0
surianom,None,0.0,0
surrey,male,0.76,37
suryanil,None,0.0,0
suryantoro,None,0.0,0
suryarini,None,0.0,0
susandri,None,0.0,0
susanjanealbery,None,0.0,0
susara,female,0.8,10
susatyo,None,0.0,0
susha,female,0.83,24
susheewa,None,0.0,0
susilpa,None,0.0,0
susruthi,None,0.0,0
sutanay,None,0.0,0
suthindran,None,0.0,0
sutrisno,male,0.99,128
suuryanaaraayanda,None,0.0,0
suvechha,None,0.0,0
suvira,None,0.0,0
suwala,None,0.0,0
suwastika,None,0.0,0
suwito,male,1.0,21
suwun,None,0.0,0
suxia,female,1.0,3
suzastri,None,0.0,0
suzelei,None,0.0,0
suzieleez,None,0.0,0
svenake,None,0.0,0
svenbodo,None,0.0,0
svendsen,male,0.57,7
swagatika,female,0.93,15
swakkhar,None,0.0,0
swapil,None,0.0,0
swapnaja,None,0.0,0
swapnajeet,None,0.0,0
swaprava,None,0.0,0
swarat,None,0.0,0
swarish,None,0.0,0
swarnavel,None,0.0,0
swathikrishna,None,0.0,0
sweah,None,0.0,0
swearingen,None,0.0,0
sweedle,None,0.0,0
sweehoon,None,0.0,0
sweetapple,female,0.9,31
swet,female,0.63,116
swetaprovo,None,0.0,0
swethan,None,0.0,0
sweungwon,None,0.0,0
swupnil,None,0.0,0
syagnik,None,0.0,0
syamimi,female,0.98,42
syamsuddin,male,1.0,23
syarilla,None,0.0,0
syarulnaziah,None,0.0,0
sybillyn,None,0.0,0
sycara,None,0.0,0
syerramia,None,0.0,0
syfeng,None,0.0,0
syifak,None,0.0,0
syingjyan,None,0.0,0
sykyoung,None,0.0,0
symiin,None,0.0,0
symma,None,0.0,0
syngjoo,None,0.0,0
synove,None,0.0,0
syuanrong,None,0.0,0
syuanyi,None,0.0,0
syuj,None,0.0,0
syyen,None,0.0,0
syying,None,0.0,0
sz,male,0.53,843
szenes,female,0.63,8
szeting,None,0.0,0
szeto,male,0.75,8
szeverenyi,None,0.0,0
szihsien,None,0.0,0
szmytkie,None,0.0,0
szuchi,None,0.0,0
szuchia,None,0.0,0
szuen,None,0.0,0
szufang,None,0.0,0
szuhau,None,0.0,0
szuhsien,None,0.0,0
szujui,None,0.0,0
szupei,None,0.0,0
szuping,None,0.0,0
szutsung,None,0.0,0
taane,female,0.67,3
tabacchimarco,None,0.0,0
tabasum,female,0.6,15
tabatabaeian,None,0.0,0
tabias,None,0.0,0
tabin,male,0.83,6
tabosa,None,0.0,0
tachun,None,0.0,0
tackdon,None,0.0,0
tackhyun,None,0.0,0
tackseung,None,0.0,0
tadani,None,0.0,0
taeeog,None,0.0,0
taegyeong,male,1.0,8
taehyee,None,0.0,0
taehyong,None,0.0,0
taekjib,None,0.0,0
taemie,None,0.0,0
taeshik,None,0.0,0
taesic,None,0.0,0
taesok,None,0.0,0
taeyoel,None,0.0,0
taghilou,None,0.0,0
taghl,None,0.0,0
tagusari,None,0.0,0
tagyoung,None,0.0,0
tahaniyat,None,0.0,0
taherian,None,0.0,0
taheriyan,None,0.0,0
tahlea,None,0.0,0
tahleen,None,0.0,0
taigui,None,0.0,0
taiher,None,0.0,0
taikuei,None,0.0,0
taikuo,None,0.0,0
tailai,None,0.0,0
tailim,None,0.0,0
tailing,female,1.0,1
tailong,male,1.0,11
tailson,male,1.0,3
tainchi,None,0.0,0
taine,female,0.71,21
tainfung,None,0.0,0
taining,None,0.0,0
taipang,None,0.0,0
taisik,None,0.0,0
taisook,None,0.0,0
taizhan,None,0.0,0
tajana,female,0.98,215
tajul,male,0.98,53
taka,male,0.85,1133
takai,male,0.74,34
takata,male,0.84,37
takato,male,1.0,60
takeria,None,0.0,0
takiankao,None,0.0,0
taklam,None,0.0,0
taklon,None,0.0,0
taksir,None,0.0,0
takwah,male,1.0,1
talanine,None,0.0,0
taleb,male,0.92,568
taleghani,None,0.0,0
taliser,None,0.0,0
talisson,male,1.0,9
talitakuum,None,0.0,0
talma,female,0.76,21
talmudilan,None,0.0,0
tamisrose,None,0.0,0
tammybobbitt,None,0.0,0
tamyez,None,0.0,0
tamyres,female,1.0,10
tamzeed,None,0.0,0
tanasai,None,0.0,0
tanasanee,None,0.0,0
tandymattner,None,0.0,0
tanghsien,None,0.0,0
tanghuai,None,0.0,0
tanglertsamapan,None,0.0,0
tanglertsampan,None,0.0,0
tangting,None,0.0,0
tangyu,male,1.0,1
tanhsu,None,0.0,0
taniajackeline,None,0.0,0
taniecea,None,0.0,0
tanigawa,male,0.57,7
tanima,female,0.77,13
tanli,male,0.75,4
tannistha,None,0.0,0
tanshangwang,None,0.0,0
tantri,female,0.89,83
tantus,None,0.0,0
tanuosha,None,0.0,0
tanushyam,None,0.0,0
tanvirali,None,0.0,0
tanwistha,None,0.0,0
tanyawat,None,0.0,0
tanyoung,None,0.0,0
tanzhen,None,0.0,0
tanzima,None,0.0,0
taocheng,None,0.0,0
taofeeqat,None,0.0,0
taojian,None,0.0,0
taomian,None,0.0,0
taoshen,None,0.0,0
taosong,None,0.0,0
taoying,None,0.0,0
taozhi,None,0.0,0
tapestrymaker,None,0.0,0
tapodhir,None,0.0,0
tappen,None,0.0,0
tarana,female,0.93,165
tarapues,None,0.0,0
tarasov,male,1.0,10
taridzo,None,0.0,0
tariqi,male,1.0,1
tarizi,None,0.0,0
tarjariitta,None,0.0,0
tarlarai,None,0.0,0
tarquis,None,0.0,0
tasheng,female,1.0,1
tashun,None,0.0,0
tashuna,None,0.0,0
taslima,female,0.82,68
tathow,None,0.0,0
tatjun,None,0.0,0
tatpong,None,0.0,0
tatseng,None,0.0,0
tatsuie,None,0.0,0
tatsuru,male,1.0,22
taufiquar,None,0.0,0
taumu,None,0.0,0
tauro,male,0.77,398
tavakkoli,None,0.0,0
tavassoli,None,0.0,0
taveeshi,None,0.0,0
tavida,None,0.0,0
tawandra,None,0.0,0
taybeh,male,1.0,1
taykai,None,0.0,0
tayloir,None,0.0,0
tayloralan,None,0.0,0
taylormegan,None,0.0,0
taymoor,male,1.0,13
taysheng,None,0.0,0
tayuan,None,0.0,0
tcheunhow,None,0.0,0
tchiapep,None,0.0,0
tciciana,None,0.0,0
tearfund,None,0.0,0
tebarek,None,0.0,0
techuan,male,1.0,1
teckkhim,None,0.0,0
tecksoon,male,1.0,1
tecktim,None,0.0,0
teckyong,None,0.0,0
teele,female,0.95,44
teeradache,None,0.0,0
teeranee,None,0.0,0
tefeng,None,0.0,0
tehetna,None,0.0,0
tehlu,None,0.0,0
tehsiung,None,0.0,0
teiktoe,None,0.0,0
teimourpour,None,0.0,0
teimzit,None,0.0,0
teinyaw,None,0.0,0
teitaro,None,0.0,0
teixeiraandreia,None,0.0,0
tejasvita,None,0.0,0
tejwantie,None,0.0,0
teknokultura,None,0.0,0
telematica,None,0.0,0
telenkova,None,0.0,0
teliekebieke,None,0.0,0
telien,None,0.0,0
telikepalli,None,0.0,0
telkesusan,None,0.0,0
teluhiko,None,0.0,0
telun,None,0.0,0
teneda,None,0.0,0
tenemaza,None,0.0,0
tengchan,None,0.0,0
tenghung,None,0.0,0
tengjian,None,0.0,0
tengjiao,None,0.0,0
tengkai,None,0.0,0
tenglin,None,0.0,0
tengshih,None,0.0,0
tengwen,None,0.0,0
tengyan,None,0.0,0
tenhwang,None,0.0,0
tenissia,None,0.0,0
tennakoon,None,0.0,0
tensie,None,0.0,0
teodorsilviu,None,0.0,0
teresagema,None,0.0,0
teresarm,None,0.0,0
terhsing,None,0.0,0
teriitutea,None,0.0,0
terui,male,0.67,3
tesga,None,0.0,0
tesneem,None,0.0,0
tetayna,None,0.0,0
tethin,None,0.0,0
tethuro,None,0.0,0
tetien,None,0.0,0
tevita,male,0.77,13
tewarieprejaas,None,0.0,0
tewodaj,None,0.0,0
teymour,male,0.96,25
teymourpour,None,0.0,0
thabotharan,None,0.0,0
thaemin,None,0.0,0
thaiduong,None,0.0,0
thaile,male,1.0,1
thakam,None,0.0,0
thakkar,male,0.78,9
thalis,male,0.86,36
thambipillai,None,0.0,0
thamires,female,0.98,64
thanapauge,None,0.0,0
thanarerk,None,0.0,0
thanhdien,None,0.0,0
thanhkhoa,None,0.0,0
thankom,None,0.0,0
thanomwong,None,0.0,0
tharso,None,0.0,0
thashmee,None,0.0,0
thasian,None,0.0,0
thatchaphol,None,0.0,0
thawani,None,0.0,0
thawatphong,None,0.0,0
thawhidul,None,0.0,0
thays,female,0.97,289
thazhath,None,0.0,0
thealexa,None,0.0,0
theatre,male,0.78,23
theeratorn,None,0.0,0
thegn,None,0.0,0
thejaka,None,0.0,0
themanson,None,0.0,0
thenpandyian,None,0.0,0
thenral,None,0.0,0
theodoraismene,None,0.0,0
theodorous,None,0.0,0
theohar,None,0.0,0
theonymphi,None,0.0,0
thetuyen,None,0.0,0
thia,female,0.85,334
thiamthep,None,0.0,0
thimaithuong,None,0.0,0
thinavan,None,0.0,0
thio,male,0.86,139
thiparat,female,1.0,1
thippaya,None,0.0,0
thirumalaikolundusubramanian,None,0.0,0
thiruvarangan,None,0.0,0
thogori,None,0.0,0
thometta,None,0.0,0
thongdeuane,None,0.0,0
thongphit,None,0.0,0
thoranath,None,0.0,0
thorat,None,0.0,0
thoshitha,None,0.0,0
thrashhead,None,0.0,0
thron,male,1.0,9
throstur,None,0.0,0
thulara,None,0.0,0
thullyo,None,0.0,0
thummaluru,None,0.0,0
thungrung,None,0.0,0
thuongvan,None,0.0,0
thurston,male,0.98,43
thyagarajapuram,None,0.0,0
tialynn,None,0.0,0
tianchih,None,0.0,0
tianchong,None,0.0,0
tianchun,None,0.0,0
tianhang,None,0.0,0
tianhuan,None,0.0,0
tianjiang,None,0.0,0
tiankai,None,0.0,0
tiankui,None,0.0,0
tianning,None,0.0,0
tianqiang,male,1.0,1
tianqiao,None,0.0,0
tianrou,None,0.0,0
tianrun,male,1.0,1
tianshyug,None,0.0,0
tiansun,None,0.0,0
tiansyung,None,0.0,0
tianxiu,female,0.5,4
tianxuan,None,0.0,0
tianxuguang,None,0.0,0
tianyao,None,0.0,0
tianyongqiang,None,0.0,0
tianzeng,None,0.0,0
tianzhang,None,0.0,0
tichun,None,0.0,0
tidd,female,0.5,4
tiebei,None,0.0,0
tiebin,None,0.0,0
tiechun,None,0.0,0
tieja,None,0.0,0
tiejian,None,0.0,0
tieju,None,0.0,0
tieming,None,0.0,0
tienfang,None,0.0,0
tienhsiang,None,0.0,0
tienhsin,None,0.0,0
tienhui,None,0.0,0
tienhwa,None,0.0,0
tiente,male,1.0,2
tienwan,None,0.0,0
tienwen,None,0.0,0
tienyen,None,0.0,0
tienyin,None,0.0,0
tietzen,None,0.0,0
tiexin,None,0.0,0
tieyan,None,0.0,0
tieyuan,None,0.0,0
tiezhong,None,0.0,0
tiffanyc,female,1.0,1
tiffeny,female,0.9,10
tiinariitta,None,0.0,0
tiiv,None,0.0,0
tilakkumar,None,0.0,0
timokolja,None,0.0,0
timotheos,male,1.0,29
tinajero,male,1.0,5
tinchang,None,0.0,0
tingbin,None,0.0,0
tingchang,None,0.0,0
tingchao,None,0.0,0
tingchun,None,0.0,0
tingchung,None,0.0,0
tingdi,None,0.0,0
tinggan,None,0.0,0
tinghao,None,0.0,0
tinghong,None,0.0,0
tinghsiang,None,0.0,0
tinghsuan,None,0.0,0
tinghuai,None,0.0,0
tingjung,None,0.0,0
tingkai,None,0.0,0
tinglin,None,0.0,0
tingmin,None,0.0,0
tingpei,None,0.0,0
tingpeng,None,0.0,0
tingqiang,None,0.0,0
tingqiao,None,0.0,0
tingquan,None,0.0,0
tingru,None,0.0,0
tingrui,None,0.0,0
tingshao,None,0.0,0
tingshen,None,0.0,0
tingshun,None,0.0,0
tingyang,female,1.0,1
tingyen,None,0.0,0
tingyong,None,0.0,0
tingzhan,None,0.0,0
tingzhen,None,0.0,0
tingzhong,None,0.0,0
tinqin,None,0.0,0
tinutomy,None,0.0,0
tiongthye,None,0.0,0
tiowseng,None,0.0,0
tipajin,None,0.0,0
tipenga,None,0.0,0
tipjaree,None,0.0,0
tippana,None,0.0,0
tipporn,None,0.0,0
tiratha,None,0.0,0
tirril,None,0.0,0
tirunelveli,None,0.0,0
tiruveedhula,None,0.0,0
tisom,None,0.0,0
tithrottanak,None,0.0,0
titova,female,0.5,8
tiu,male,0.69,96
tiyuan,None,0.0,0
tjitske,female,0.99,136
tlatso,None,0.0,0
tlillalcapatl,None,0.0,0
tnujoy,None,0.0,0
toapanta,None,0.0,0
toaquiza,None,0.0,0
tobashi,None,0.0,0
tobia,male,0.96,548
tobiasemanuel,None,0.0,0
tobinaga,None,0.0,0
toborg,None,0.0,0
todasco,None,0.0,0
todericiu,None,0.0,0
todsanai,None,0.0,0
tofara,male,1.0,3
tofigh,male,1.0,19
tohala,None,0.0,0
tohgoroh,None,0.0,0
tohyun,None,0.0,0
toksvig,None,0.0,0
toliber,None,0.0,0
tomarchio,None,0.0,0
tomayess,None,0.0,0
tomimatsu,None,0.0,0
tomlinson,male,0.75,8
tomochika,male,1.0,9
tomoshiro,None,0.0,0
tomoski,None,0.0,0
tongchao,None,0.0,0
tongchen,None,0.0,0
tongcun,None,0.0,0
tongda,None,0.0,0
tongfeng,None,0.0,0
tongge,None,0.0,0
tonghong,None,0.0,0
tongnyoul,None,0.0,0
tongqu,None,0.0,0
tongrang,None,0.0,0
tongshuang,None,0.0,0
tongtian,None,0.0,0
tongwei,None,0.0,0
tongwoo,None,0.0,0
tongwook,None,0.0,0
tongyang,None,0.0,0
tongyee,None,0.0,0
tongyin,None,0.0,0
tonirochelle,None,0.0,0
tonje,female,0.97,159
tonjia,None,0.0,0
tooraj,male,0.98,66
topology,None,0.0,0
topoyame,None,0.0,0
toraj,male,0.95,39
toramatsu,None,0.0,0
torbjosrn,None,0.0,0
torbun,None,0.0,0
torezhan,None,0.0,0
torild,female,1.0,26
torky,male,0.94,71
torreao,None,0.0,0
torrendell,None,0.0,0
torrenegra,None,0.0,0
toshihauru,None,0.0,0
tosiyasu,None,0.0,0
tota,female,0.89,1876
totla,male,1.0,1
toueg,None,0.0,0
toulgui,None,0.0,0
tournayvirginie,None,0.0,0
tousheng,None,0.0,0
tovin,None,0.0,0
townsand,None,0.0,0
toyofuku,None,0.0,0
toyoizumi,None,0.0,0
trairak,None,0.0,0
tranakjit,None,0.0,0
transdisciplinary,None,0.0,0
traolach,None,0.0,0
trasapong,None,0.0,0
traslavina,None,0.0,0
trauth,None,0.0,0
trazibulo,None,0.0,0
treerapot,None,0.0,0
trefftz,None,0.0,0
treglown,None,0.0,0
tremper,male,1.0,1
trend,male,0.88,102
trenholme,None,0.0,0
tresler,None,0.0,0
treuman,None,0.0,0
trianom,None,0.0,0
triantafylliavarvara,None,0.0,0
trigilia,None,0.0,0
trihai,None,0.0,0
trinabh,None,0.0,0
trinayan,None,0.0,0
tripat,male,0.7,10
tristrom,None,0.0,0
trithanh,None,0.0,0
trivik,None,0.0,0
triyana,female,0.78,9
tronghop,None,0.0,0
trongthuy,male,1.0,2
trongton,None,0.0,0
trongyen,None,0.0,0
trucvien,None,0.0,0
trugin,None,0.0,0
trukhin,None,0.0,0
trungtien,None,0.0,0
trutebarry,None,0.0,0
tsabourakis,None,0.0,0
tsachy,None,0.0,0
tsaichuan,None,0.0,0
tsaihsiang,None,0.0,0
tsaihsin,None,0.0,0
tsaihsuan,None,0.0,0
tsailien,None,0.0,0
tsailung,None,0.0,0
tsaiming,None,0.0,0
tsair,None,0.0,0
tsairwei,None,0.0,0
tsaiyen,None,0.0,0
tsaiyuan,None,0.0,0
tsaj,None,0.0,0
tsanghsiang,None,0.0,0
tsansheng,None,0.0,0
tsechuan,None,0.0,0
tsengdar,None,0.0,0
tsengkuei,None,0.0,0
tsenyung,None,0.0,0
tseping,None,0.0,0
tseretopoulos,None,0.0,0
tsernhuei,None,0.0,0
tsesheng,None,0.0,0
tsesliv,None,0.0,0
tsiavos,None,0.0,0
tsiliso,None,0.0,0
tsingfa,None,0.0,0
tsojung,None,0.0,0
tsongjie,None,0.0,0
tsuang,None,0.0,0
tsubasa,male,0.9,401
tsuboshita,None,0.0,0
tsuguaki,None,0.0,0
tsuhan,None,0.0,0
tsuhsin,None,0.0,0
tsuifang,None,0.0,0
tsuiying,None,0.0,0
tsunehide,None,0.0,0
tsungchuan,None,0.0,0
tsunghao,None,0.0,0
tsunghsing,None,0.0,0
tsunghsuan,None,0.0,0
tsunghung,None,0.0,0
tsungju,None,0.0,0
tsungjung,None,0.0,0
tsunglin,None,0.0,0
tsungsheng,None,0.0,0
tsungshu,None,0.0,0
tsungting,None,0.0,0
tsungwei,None,0.0,0
tsungwu,None,0.0,0
tsungyen,None,0.0,0
tsungyuan,None,0.0,0
tsunping,None,0.0,0
tsuoyu,None,0.0,0
tsuritani,None,0.0,0
tsutsumida,None,0.0,0
tsuyang,None,0.0,0
tsvara,None,0.0,0
tszi,None,0.0,0
tt,male,0.68,2010
tua,female,0.57,328
tuanfang,None,0.0,0
tuanfei,None,0.0,0
tuduyen,None,0.0,0
tuenwai,None,0.0,0
tuenyu,None,0.0,0
tufool,None,0.0,0
tulikaa,None,0.0,0
tully,female,0.54,63
tumbwene,None,0.0,0
tumpilli,None,0.0,0
tunchieh,None,0.0,0
tungchieh,None,0.0,0
tungching,None,0.0,0
tungchun,None,0.0,0
tungduong,None,0.0,0
tunghsin,None,0.0,0
tungju,None,0.0,0
tungjung,None,0.0,0
tungkuan,None,0.0,0
tungliang,None,0.0,0
tunglung,None,0.0,0
tungmei,None,0.0,0
tungping,None,0.0,0
tungshan,None,0.0,0
tungyang,None,0.0,0
tunhao,None,0.0,0
tuosiyu,None,0.0,0
tuoyen,None,0.0,0
tuoyu,None,0.0,0
turadg,None,0.0,0
turchini,None,0.0,0
turdakov,None,0.0,0
tushkanov,None,0.0,0
tushti,None,0.0,0
tuthach,None,0.0,0
tuttenashwilliams,None,0.0,0
tuyenthanhthi,None,0.0,0
tuynh,None,0.0,0
twentiethcentury,None,0.0,0
twentyfourth,None,0.0,0
twist,male,0.82,189
twittie,None,0.0,0
tyngluh,None,0.0,0
tyngruey,None,0.0,0
typhanye,None,0.0,0
tyrtania,None,0.0,0
tzaihung,None,0.0,0
tzanfeng,None,0.0,0
tzayming,None,0.0,0
tzchiao,None,0.0,0
tzeheng,None,0.0,0
tzeki,None,0.0,0
tziporah,None,0.0,0
tzliang,None,0.0,0
tzonei,None,0.0,0
tzongheng,None,0.0,0
tzongru,None,0.0,0
tzongshyan,None,0.0,0
tzongwann,None,0.0,0
tzucheng,None,0.0,0
tzuchiang,None,0.0,0
tzuchieh,None,0.0,0
tzuchien,male,1.0,1
tzuchuan,None,0.0,0
tzufong,None,0.0,0
tzufu,None,0.0,0
tzuheng,None,0.0,0
tzuhong,None,0.0,0
tzuhsiang,None,0.0,0
tzuhsin,None,0.0,0
tzuju,None,0.0,0
tzujung,None,0.0,0
tzukun,None,0.0,0
tzuliang,None,0.0,0
tzulung,None,0.0,0
tzuming,None,0.0,0
tzungcheng,None,0.0,0
tzungmin,None,0.0,0
tzungpei,None,0.0,0
tzungshi,None,0.0,0
tzuoming,None,0.0,0
tzuping,None,0.0,0
tzusheng,None,0.0,0
tzvetalin,None,0.0,0
tzyhghuang,None,0.0,0
tzyyshyang,None,0.0,0
uajara,None,0.0,0
ubaidi,None,0.0,0
ubilina,None,0.0,0
ubirajara,male,1.0,20
ubolratana,None,0.0,0
uconnect,None,0.0,0
udatta,None,0.0,0
uddalok,None,0.0,0
uddipta,None,0.0,0
udiyan,None,0.0,0
udq,None,0.0,0
uehit,None,0.0,0
uerlene,None,0.0,0
ugsha,None,0.0,0
ugwunwa,None,0.0,0
ugwuogo,None,0.0,0
uichin,None,0.0,0
uichol,None,0.0,0
uillyams,None,0.0,0
uilna,None,0.0,0
uinter,None,0.0,0
uiryong,None,0.0,0
uitni,None,0.0,0
ujaya,None,0.0,0
ukyoul,None,0.0,0
ulfdaniel,None,0.0,0
ulfdietrich,None,0.0,0
ulfpeter,None,0.0,0
ulfrainer,None,0.0,0
ulfsby,None,0.0,0
ulices,male,1.0,31
ulingeta,None,0.0,0
ullamaaria,None,0.0,0
ullasisko,None,0.0,0
ulrichultes,None,0.0,0
ulziiutas,None,0.0,0
umakishore,None,0.0,0
umashanthi,None,0.0,0
umiarso,None,0.0,0
ummni,None,0.0,0
umoloyouvwe,None,0.0,0
umtaehyee,None,0.0,0
unamay,None,0.0,0
unanza,None,0.0,0
undergraduate,None,0.0,0
unger,male,0.64,39
ungmo,None,0.0,0
ungsang,None,0.0,0
ungsik,None,0.0,0
uniaq,None,0.0,0
unikl,None,0.0,0
uniyoung,None,0.0,0
unjong,None,0.0,0
unmil,None,0.0,0
unsalan,male,1.0,1
unsigned,None,0.0,0
upegui,None,0.0,0
upmanu,None,0.0,0
uptal,None,0.0,0
upulee,None,0.0,0
urbancs,None,0.0,0
urgilez,None,0.0,0
uriyoan,None,0.0,0
urjaa,None,0.0,0
urjita,None,0.0,0
uronna,None,0.0,0
urreagarcia,None,0.0,0
urun,female,1.0,2
ushasi,None,0.0,0
ushiama,None,0.0,0
